<<PMCA SPECTRUM>>
TAG - live_data
DESCRIPTION - 
GAIN - 4
THRESHOLD - 0
LIVE_MODE - 0
PRESET_TIME - 0
LIVE_TIME - 56.628000
REAL_TIME - 60.000000
START_TIME - 08/22/2019 11:15:19
SERIAL_NUMBER - 0
<<CALIBRATION>>
LABEL - Channel
808.03 8.047
894.12 8.905
<<ROI>>
769 848
861 927
<<DATA>>
0
0
0
0
0
0
0
0
0
0
0
0
0
0
0
0
0
0
0
0
0
0
0
0
0
0
0
0
2
4
5
3
1
8
3
5
3
5
7
3
5
6
2
1
1
5
4
3
0
4
2
1
3
3
3
1
4
0
1
4
4
0
1
3
2
4
1
1
1
3
2
5
4
0
4
2
0
3
5
1
2
2
2
3
2
7
5
2
0
1
1
0
4
2
3
2
2
1
1
0
0
1
2
6
6
4
2
3
2
4
2
4
0
4
1
3
2
5
2
3
3
6
3
2
3
4
2
6
5
3
3
1
2
4
2
3
1
3
4
4
3
3
3
4
5
6
2
2
1
5
4
6
6
5
4
4
6
3
3
2
1
3
1
0
0
3
4
0
4
2
2
1
0
2
2
1
2
1
1
3
2
4
1
2
2
0
0
4
2
4
2
0
2
2
4
0
3
1
4
2
3
1
2
2
1
2
3
2
2
0
2
1
3
1
2
2
1
6
0
2
1
1
3
4
1
0
2
0
0
3
9
7
3
2
4
5
3
4
2
3
2
3
4
1
4
2
3
3
4
3
0
1
2
2
1
3
7
2
2
4
3
2
2
2
3
2
3
0
3
2
2
1
4
5
2
0
3
2
0
2
5
1
4
2
4
1
3
6
10
7
14
17
20
23
27
26
46
35
48
40
53
51
35
45
25
34
27
22
19
16
14
9
5
5
7
4
7
3
8
9
7
8
5
5
8
13
4
4
7
2
3
4
4
7
2
3
7
3
3
4
2
4
3
4
1
1
1
2
3
3
5
5
6
1
4
3
5
3
2
6
7
4
3
2
3
4
5
1
5
5
3
3
3
4
3
4
9
4
2
5
2
2
3
4
2
3
1
5
0
3
2
1
3
2
3
5
5
3
6
2
1
7
5
4
4
5
5
5
5
8
6
6
4
6
8
2
2
3
7
5
5
3
1
7
5
6
1
2
8
1
5
2
4
1
3
4
5
4
4
1
5
2
2
2
3
1
7
2
4
3
5
4
3
0
4
5
5
5
5
6
2
2
6
1
2
3
8
6
5
4
2
4
4
5
4
4
7
6
1
5
1
2
8
4
12
3
9
1
2
6
4
3
6
5
3
2
2
3
6
6
7
3
7
4
8
4
3
5
4
9
5
2
7
9
5
7
6
6
7
5
7
6
7
10
8
6
9
5
9
12
10
17
8
14
11
13
24
15
30
28
34
34
47
37
31
51
31
37
44
52
44
31
20
39
32
26
26
29
33
27
30
33
29
20
33
19
25
31
23
31
30
28
24
18
25
31
24
19
29
31
23
34
31
24
24
15
20
19
30
22
16
17
23
20
22
17
12
20
16
15
24
17
14
17
22
15
12
17
7
10
18
16
19
13
15
11
13
19
21
27
19
22
19
30
40
46
38
47
48
51
61
63
61
87
74
86
85
91
97
120
109
114
120
141
116
105
119
113
88
91
89
74
68
74
57
63
55
66
56
44
52
44
46
54
43
38
45
49
43
40
54
46
44
32
54
40
49
47
39
45
37
55
35
41
49
33
44
42
32
37
40
53
24
43
32
37
29
39
44
39
29
39
35
41
42
39
43
42
30
46
36
34
27
37
35
34
41
26
30
28
33
26
36
24
32
14
26
24
19
31
14
30
20
28
22
26
21
23
29
21
27
26
24
15
22
27
41
28
27
29
22
29
29
29
23
22
27
25
28
28
20
33
31
30
33
29
35
37
44
24
49
44
53
49
57
50
57
48
53
75
87
88
118
90
142
175
222
275
408
527
707
980
1337
1686
2192
2734
3467
4436
5402
6365
7377
8593
9636
10802
11591
12741
13123
13755
13677
13609
13261
12754
11968
10944
9894
8815
7532
6742
5587
4568
3701
2953
2209
1741
1316
954
784
545
439
310
247
241
176
171
181
181
167
183
185
192
221
244
233
240
228
232
232
207
202
175
155
151
132
140
125
114
116
114
97
79
79
88
69
78
73
77
88
77
87
99
103
112
120
119
150
166
192
248
286
307
391
481
572
637
788
962
1076
1230
1339
1494
1607
1693
1851
1914
1904
1973
1808
1744
1664
1609
1403
1300
1157
990
868
724
575
462
381
291
232
188
142
127
82
69
31
32
18
19
16
7
6
4
10
10
5
4
7
8
3
3
3
4
7
4
4
4
4
7
6
4
4
10
8
2
4
2
9
4
7
7
6
10
7
15
10
9
4
9
5
8
11
4
10
10
14
16
12
16
8
10
15
8
7
11
13
10
11
13
6
9
11
8
11
8
6
4
10
10
9
4
7
7
14
8
10
3
6
10
9
6
11
15
10
12
8
7
6
11
10
8
1
6
4
9
3
6
5
2
4
3
8
0
1
3
1
4
2
2
1
3
3
1
3
1
2
4
4
2
3
5
4
1
2
3
1
4
3
2
0
3
2
4
1
3
1
4
4
2
2
4
2
2
8
5
2
1
3
4
1
3
1
2
3
4
3
3
4
4
2
5
3
5
3
5
2
3
5
4
2
5
4
5
3
0
2
0
1
3
2
0
2
1
3
9
0
3
2
3
3
4
5
2
4
4
10
3
3
4
7
6
4
7
4
5
2
5
4
5
10
6
5
6
9
3
10
4
9
4
8
6
3
3
6
3
3
3
2
2
4
5
6
4
4
5
6
4
5
4
2
4
3
6
4
6
4
9
3
4
4
3
3
5
7
5
6
2
1
4
9
4
3
5
3
5
4
3
5
4
5
6
5
4
2
4
5
2
2
1
4
6
6
5
2
1
3
0
4
2
1
4
1
2
4
2
2
4
4
3
4
1
3
3
2
0
4
1
4
4
3
3
3
3
7
2
0
2
1
3
0
3
1
2
1
1
4
4
2
1
1
3
1
1
0
2
1
2
3
2
1
6
2
1
1
1
1
0
1
3
2
5
1
3
4
6
3
0
1
2
2
2
3
0
1
0
1
0
3
1
2
1
4
0
1
0
1
0
0
2
0
1
2
0
6
0
1
1
2
2
3
1
4
1
0
2
1
0
3
3
2
1
2
1
1
2
0
0
1
1
2
1
1
1
1
1
4
1
1
4
0
0
1
1
0
0
2
3
1
1
2
4
2
0
0
1
1
3
1
1
2
1
1
0
1
0
1
1
1
0
1
0
1
0
0
2
3
0
2
1
1
2
1
1
1
1
1
3
0
1
1
2
1
1
0
0
0
2
0
2
1
0
2
1
3
2
1
1
2
0
0
3
0
1
1
0
0
1
0
2
3
0
1
1
0
2
0
1
0
1
0
2
1
0
1
0
0
1
0
1
1
1
2
1
1
1
0
3
2
2
1
0
1
0
1
0
0
3
3
1
1
0
0
0
0
0
1
0
1
0
0
0
3
0
0
0
1
0
0
1
0
0
0
0
1
0
0
0
0
0
0
0
0
0
0
0
0
0
0
0
0
0
0
0
1
0
0
0
0
0
0
0
0
1
0
0
0
0
0
0
0
0
0
0
0
0
1
0
0
0
0
0
0
0
0
0
0
0
0
0
0
0
0
0
0
0
0
0
0
1
0
0
0
0
0
0
0
0
0
0
0
0
0
0
0
0
0
0
0
0
0
0
0
0
0
0
0
0
0
0
0
0
0
1
1
0
0
0
1
1
0
0
1
2
1
2
2
3
3
3
3
2
5
7
3
6
5
5
8
1
6
2
11
4
7
1
11
8
5
7
7
5
5
4
3
2
2
3
0
1
1
1
1
2
0
0
0
1
0
1
0
0
0
0
0
0
2
0
0
2
0
0
0
0
0
0
0
0
0
0
0
0
0
0
0
0
0
0
0
0
1
0
1
0
0
0
0
0
0
0
0
0
1
2
0
0
1
0
1
1
0
2
0
3
3
3
2
3
0
1
3
0
2
3
1
3
2
0
0
2
0
0
0
1
1
0
0
1
0
0
1
0
0
0
0
0
0
0
0
0
0
0
0
0
1
0
0
0
0
0
0
0
0
0
0
0
0
0
0
0
0
0
0
0
0
0
0
0
0
0
0
0
0
0
0
0
0
0
0
0
0
0
0
0
0
0
0
0
0
0
1
0
0
1
0
0
0
0
1
0
0
0
0
0
0
0
0
0
0
0
0
0
0
0
0
1
0
0
0
0
0
0
0
0
0
0
0
0
0
0
0
0
0
0
0
0
0
0
0
0
0
0
0
0
0
0
0
0
0
0
0
0
0
0
0
0
0
0
0
0
0
0
0
0
0
0
0
0
0
0
0
0
0
0
0
0
0
0
0
0
0
0
0
0
0
0
0
0
0
0
0
0
0
0
0
0
0
0
0
0
0
0
0
0
0
0
0
0
0
0
0
0
0
0
0
0
0
1
0
0
0
0
0
0
0
0
0
0
0
0
0
0
0
0
0
0
0
0
0
0
0
0
0
0
0
0
0
0
0
0
0
0
0
0
0
0
0
0
0
0
0
0
0
0
0
0
0
0
0
0
0
0
0
0
0
0
0
0
0
0
0
0
0
0
0
0
0
0
0
0
0
0
0
0
0
0
0
0
0
0
0
0
0
0
0
0
0
0
0
0
0
0
0
0
0
0
0
0
0
0
0
0
0
0
0
0
0
0
0
0
0
0
0
0
0
0
0
0
0
0
0
0
0
0
0
0
0
0
0
0
0
0
0
0
0
0
0
0
0
0
0
0
0
0
0
0
0
0
0
0
0
0
0
0
0
0
0
0
0
0
0
0
0
0
0
0
0
0
0
0
0
0
0
0
0
0
0
0
0
0
0
0
0
0
0
0
0
0
0
0
0
0
0
0
0
0
0
0
0
0
0
0
0
0
0
0
0
0
0
0
0
0
0
0
0
0
0
0
0
0
0
0
0
0
0
0
0
0
0
0
0
0
0
0
0
0
1
0
0
0
0
0
0
0
0
0
0
0
0
0
0
0
0
0
0
0
0
0
0
0
0
0
0
0
0
0
0
0
0
0
0
0
0
0
0
0
0
0
0
0
0
0
0
0
0
0
0
0
0
0
0
0
0
0
0
0
0
0
0
0
0
0
0
0
0
0
0
0
0
0
0
0
0
0
0
0
0
0
0
0
0
0
0
0
0
0
0
0
0
0
0
0
0
0
0
0
0
0
0
0
0
0
0
0
0
0
0
0
0
0
0
0
0
0
0
0
0
0
0
0
0
0
0
0
0
0
0
0
0
0
0
0
0
0
0
0
0
0
0
0
0
0
0
0
0
0
0
0
0
0
0
0
0
0
0
0
0
0
0
0
0
0
0
0
0
0
0
0
0
0
0
0
0
0
0
0
0
0
0
0
0
0
0
0
0
0
0
0
0
0
0
0
0
0
0
0
0
0
0
0
0
0
0
0
0
0
0
0
0
0
0
0
0
0
0
0
0
0
0
0
0
0
0
0
0
0
0
0
0
0
0
0
0
0
0
0
0
0
0
0
0
0
0
0
0
0
0
0
0
0
0
0
0
0
0
0
0
0
0
0
0
0
0
0
0
0
0
0
0
0
0
0
0
0
0
0
0
0
0
0
0
0
0
0
0
0
0
0
0
0
0
0
0
0
0
0
0
0
0
0
0
0
0
0
0
0
0
0
0
0
0
0
0
0
0
0
0
0
0
0
0
0
0
0
0
0
0
0
0
0
0
0
0
0
0
0
0
0
0
0
0
0
0
0
0
0
0
0
0
0
0
0
0
0
0
0
0
0
0
0
0
0
0
0
0
0
0
0
0
0
0
0
0
0
0
0
0
0
0
0
0
0
0
0
0
0
0
0
0
0
0
0
0
0
0
0
0
0
0
0
0
0
0
0
0
0
0
0
0
0
0
0
0
0
0
0
0
0
0
0
0
0
0
0
0
0
0
0
0
0
0
0
0
0
0
0
0
0
0
0
0
0
0
0
0
0
0
0
0
0
0
0
0
0
0
0
0
0
0
0
0
0
0
0
0
0
0
0
0
0
0
0
0
0
0
0
0
0
0
0
0
0
0
0
0
0
0
0
0
0
0
0
0
0
0
0
0
0
0
0
0
0
0
0
0
0
0
0
0
0
0
0
0
0
0
0
0
0
0
0
0
0
0
0
0
0
0
0
0
0
0
0
0
0
0
0
0
0
0
0
0
0
0
0
0
0
0
0
0
0
0
0
0
0
0
0
0
0
0
0
0
0
0
0
0
0
0
0
0
0
0
0
0
0
0
0
0
0
0
0
0
0
0
0
0
0
0
0
0
0
0
0
0
0
0
0
0
0
0
0
0
0
0
0
0
0
0
0
0
0
0
0
0
0
0
0
0
0
0
0
0
0
0
0
0
0
0
0
0
0
0
0
0
0
0
0
0
0
0
0
0
0
0
0
0
0
0
0
0
0
0
0
0
0
0
0
0
0
0
0
0
0
0
0
0
0
0
0
0
0
0
0
0
0
0
0
0
0
0
0
0
0
0
0
0
0
0
0
0
0
0
0
0
0
0
0
0
0
0
0
0
0
0
0
0
0
0
0
0
0
0
0
0
0
0
0
0
0
0
0
0
0
0
0
0
0
0
0
0
0
0
0
0
0
0
0
0
0
0
0
0
0
0
0
0
0
0
0
0
0
0
0
0
0
0
0
0
0
0
0
0
0
0
0
0
0
0
0
0
0
0
0
0
0
0
0
0
0
0
0
0
0
0
0
0
0
0
0
0
0
0
0
0
0
0
0
0
0
0
0
0
0
0
0
0
0
0
0
0
0
0
0
0
0
0
0
0
0
0
0
0
0
0
0
0
0
0
0
0
0
0
0
0
0
0
0
0
0
0
0
0
0
0
0
0
0
0
0
0
0
0
0
0
0
0
0
0
0
0
0
0
0
0
0
0
0
0
0
0
0
0
0
0
0
0
0
0
0
0
0
0
0
0
0
0
0
0
0
0
0
0
0
0
0
0
0
0
0
0
0
0
0
0
0
0
0
0
0
0
0
0
0
0
0
0
0
0
0
0
0
0
0
0
0
0
0
0
0
0
0
0
0
0
0
0
0
0
0
0
0
0
0
0
0
0
0
0
0
0
0
0
0
0
0
0
0
0
0
0
0
0
0
0
0
0
0
0
0
0
0
0
0
0
0
0
0
0
0
0
0
0
0
0
0
0
0
0
0
0
0
0
0
0
0
0
0
0
0
0
0
0
0
0
0
0
0
0
0
0
0
0
0
0
0
0
0
0
0
0
0
0
0
0
0
0
0
0
0
0
0
0
0
0
0
0
0
0
0
0
0
0
0
0
0
0
0
0
0
0
0
0
0
0
0
0
0
0
0
0
0
0
0
0
0
0
0
0
0
0
0
0
0
0
0
0
0
0
0
0
0
0
0
0
0
0
0
0
0
0
0
0
0
0
0
0
0
0
0
0
0
0
0
0
0
0
0
0
0
0
0
0
0
0
0
0
0
0
0
0
0
0
0
0
0
0
0
0
0
0
0
0
0
0
0
0
0
0
0
0
0
0
0
0
0
0
0
0
0
0
0
0
0
0
0
0
0
0
0
0
0
0
0
0
0
0
0
0
0
0
0
0
0
0
0
0
0
0
0
0
0
0
0
0
0
0
0
0
0
0
0
0
0
0
0
0
0
0
0
0
0
0
0
0
0
0
0
0
0
0
0
0
0
0
0
0
0
0
0
0
0
0
0
0
0
0
0
0
0
0
0
0
0
0
0
0
0
0
0
0
0
0
0
0
0
0
0
0
0
0
0
0
0
0
0
0
0
0
0
0
0
0
0
0
0
0
0
0
0
0
0
0
0
0
0
0
0
0
0
0
0
0
0
0
0
0
0
0
0
0
0
0
0
0
0
0
0
0
0
0
0
0
0
0
0
0
0
0
0
0
0
0
0
0
0
0
0
0
0
0
0
0
0
0
0
0
0
0
0
0
0
0
0
0
0
0
0
0
0
0
0
0
0
0
0
0
0
0
0
0
0
0
0
0
0
0
0
0
0
0
0
0
0
0
0
0
0
0
0
0
0
0
0
0
0
0
0
0
0
0
0
0
0
0
0
0
0
0
0
0
0
0
0
0
0
0
0
0
0
0
0
0
0
0
0
0
0
0
0
0
0
0
0
0
0
0
0
0
0
0
0
0
0
0
0
0
0
0
0
0
0
0
0
0
0
0
0
0
0
0
0
0
0
0
0
0
0
0
0
0
0
0
0
0
0
0
0
0
0
0
0
0
0
0
0
0
0
0
0
0
0
0
0
0
0
0
0
0
0
0
0
0
0
0
0
0
0
0
0
0
0
0
0
0
0
0
0
0
0
0
0
0
0
0
0
0
0
0
0
0
0
0
0
0
0
0
0
0
0
0
0
0
0
0
0
0
0
0
0
0
0
0
0
0
0
0
0
0
0
0
0
0
0
0
0
0
0
0
0
0
0
0
0
0
0
0
0
0
0
0
0
0
0
0
0
0
0
0
0
0
0
0
0
0
0
0
0
0
0
0
0
0
0
0
0
0
0
0
0
0
0
0
0
0
0
0
0
0
0
0
0
0
0
0
0
0
0
0
0
0
0
0
0
0
0
0
0
0
0
0
0
0
0
0
0
0
0
0
0
0
0
0
0
0
0
0
0
0
0
0
0
0
0
0
0
0
0
0
0
0
0
0
0
0
0
0
0
0
0
0
0
0
0
0
0
0
0
0
0
0
0
0
0
0
0
0
0
0
0
0
0
0
0
0
0
0
0
0
0
0
0
0
0
0
0
0
0
0
0
0
0
0
0
0
0
0
0
0
0
0
0
0
0
0
0
0
0
0
0
0
0
0
0
0
0
0
0
0
0
0
0
0
0
0
0
0
0
0
0
0
0
0
0
0
0
0
0
0
0
0
0
0
0
0
0
0
0
0
0
0
0
0
0
0
0
0
0
0
0
0
0
0
0
0
0
0
0
0
0
0
0
0
0
0
0
0
0
0
0
0
0
0
0
0
0
0
0
0
0
0
0
0
0
0
0
0
0
0
0
0
0
0
0
0
0
0
0
0
0
0
0
0
0
0
0
0
0
0
0
0
0
0
0
0
0
0
0
0
0
0
0
0
0
0
0
0
0
0
0
0
0
0
0
0
0
0
0
0
0
0
0
0
0
0
0
0
0
0
0
0
0
0
0
0
0
0
0
0
0
0
0
0
0
0
0
0
0
0
0
0
0
0
0
0
0
0
0
0
0
0
0
0
0
0
0
0
0
0
0
0
0
0
0
0
0
0
0
0
0
0
0
0
0
0
0
0
0
0
0
0
0
0
0
0
0
0
0
0
0
0
0
0
0
0
0
0
0
<<END>>
<<DP5 CONFIGURATION>>
RESC=?;    Reset Configuration
CLCK=80;    20MHz/80MHz
TPEA=4.800;    Peaking Time
GAIF=0.9481;    Fine Gain
GAIN=36.147;    Total Gain (Analog * Fine)
RESL=102;    Detector Reset Lockout
TFLA=0.100;    Flat Top
TPFA=100;    Fast Channel Peaking Time
PURE=ON;    PUR Interval On/Off
RTDE=OFF;    RTD On/Off
MCAS=NORM;    MCA Source
MCAC=4096;    MCA/MCS Channels
SOFF=OFF;    Set Spectrum Offset
AINP=POS;    Analog Input Pos/Neg
INOF=DEF;    Input Offset
GAIA=13;    Analog Gain Index
CUSP=0;    Non-Trapezoidal Shaping
PDMD=NORM;    Peak Detect Mode (Min/Max)
THSL=0.683;    Slow Threshold
TLLD=OFF;    LLD Threshold
THFA=19.12;    Fast Threshold
DACO=SHAPED;    DAC Output
DACF=50;    DAC Offset
RTDS=0;    RTD Sensitivity
RTDT=0.00;    RTD Threshold
BLRM=1;    BLR Mode
BLRD=3;    BLR Down Correction
BLRU=0;    BLR Up Correction
GATE=OFF;    Gate Control
AUO1=PILEUP;    AUX_OUT Selection
PRET=60.0;    Preset Time
PRER=OFF;    Preset Real Time
PREC=OFF;    Preset Counts
PRCL=1;    Preset Counts Low Threshold
PRCH=8191;    Preset Counts High Threshold
HVSE=-200;    HV Set
TECS=220;    TEC Set
PAPS=ON;    Preamp 8.5/5 (N/A)
SCOE=FA;    Scope Trigger Edge
SCOT=12;    Scope Trigger Position
SCOG=1;    Digital Scope Gain
MCSL=1;    MCS Low Threshold
MCSH=8191;    MCS High Threshold
MCST=0.01;    MCS Timebase
AUO2=STREAM;    AUX_OUT2 Selection
TPMO=OFF;    Test Pulser On/Off
GPED=RI;    G.P. Counter Edge
GPIN=AUX1;    G.P. Counter Input
GPME=ON;    G.P. Counter Uses MCA_EN?
GPGA=ON;    G.P. Counter Uses GATE?
GPMC=ON;    G.P. Counter Cleared With MCA Counters?
MCAE=OFF;    MCA/MCS Enable
BOOT=ON;    Turn Supplies On/Off At Power Up
<<DP5 CONFIGURATION END>>
<<DPP STATUS>>
Device Type: DP5
Serial Number: 2258
Firmware: 6.08  Build:  4
FPGA: 6.10
Fast Count: 329445
Slow Count: 310921
GP Count: 0
Accumulation Time: 60.000000
Real Time: 60.110000
Dead Time: 5.62%
HV Volt: -200V
TEC Temp: 225K
Board Temp: 35\B0C
<<DPP STATUS END>>
